6;0 7;0 8;0 (....) 45;0 49;0
4;1 5;1 8;1 10;1 17;1 (...) 45;1 49;1
3;2 17;2 (...) 45;2 49;2
2;3 15;3 (...) 45;3 49;3
1;4 2;4 15;4 (...) 30 ;4 35;4 (...) 45;4 ;49;4
0;5 15;5 (...) 30 ;5 35;5 (...) 45;5 ;49;5
0;6 15;6 (...) 31;6 32;6 35;6 (...) 45;6 ;49;6
1;7 15;7 (...) 31;7 32;7 35;7 (...) 45;7 ;49;7
1;8 15;8 (...) 31;8 32;8 35;8 (...) 45;8 ;49;8
1;9 15;9 (...) 31;9 32;9 35;9 (...) 45;9 ;49;9
2;10 3;10 15;10 (...) 29;10 31;10 32;10 35;10 36;10 45;10 49;10
4;11 5;11 15;11 *force* 29;11 97;11 (...) 45;11 49;11
0;12 *force* 8;12 37;12 38;12 39;12 40;12 (...) 45;12 49;12
26;13 27;12 28;13 29;13 30;13 41;13 (...) 45;13 49;13
21;14 22;14 23;14 26;14(...) 30;14 41;14 42;14 45;14 49;14
13;15 14;15 15;15 16;15 17;15 21;15 (...) 23;15 26;15 30;15 43;15 (...) 45;15  48;15 49;15
2;16 3;16 4;16 5;16 6;16 13;16 (...) 17;16 21;16 22;16 23;16 26;16 (...) 30;16 37;16 38;16 39;16 40;16 43;16 44;16 45; 16 47;16
